version https://git-lfs.github.com/spec/v1
oid sha256:f8ecedd0dbf1e16f2a45a2fa3e78edf7137baa2c1a5f2e6cedf36b871907485e
size 9698643
